"FREQ","cuadrada"
0,0.0414566
100,0.0876175
200,0.103321
300,0.142031
400,0.270181
500,13.3241
600,0.281544
700,0.145051
800,0.104766
900,0.0883664
1000,0.0831148
1100,0.0872533
1200,0.102172
1300,0.139163
1400,0.259037
1500,4.41703
1600,0.291412
1700,0.146556
1800,0.104854
1900,0.0878583
2000,0.0821149
2100,0.0856519
2200,0.0997165
2300,0.134864
2400,0.246591
2500,2.62084
2600,0.301384
2700,0.148146
2800,0.105207
2900,0.0876977
3000,0.0815287
3100,0.0844669
3200,0.0976089
3300,0.13082
3400,0.234551
3500,1.84184
3600,0.309819
3700,0.148212
3800,0.104231
3900,0.0863062
4000,0.0797818
4100,0.082144
4200,0.0943146
4300,0.125516
4400,0.221451
4500,1.40123
4600,0.318276
4700,0.14831
4800,0.103483
4900,0.0852396
5000,0.0784148
5100,0.0802336
5200,0.0913978
5300,0.120533
5400,0.208883
5500,1.11585
5600,0.325191
5700,0.146923
5800,0.101481
5900,0.083035
6000,0.0759757
6100,0.0772972
6200,0.0874433
6300,0.114467
6400,0.195476
6500,0.913164
6600,0.332003
6700,0.145482
6800,0.0996485
6900,0.0811047
7000,0.0738584
7100,0.0747235
7200,0.0838638
7300,0.108748
7400,0.182659
7500,0.761453
7600,0.33727
7700,0.142626
7800,0.0966658
7900,0.0781521
8000,0.0707931
8100,0.0712499
8200,0.079417
8300,0.102145
8400,0.169223
8500,0.641853
8600,0.342267
8700,0.139609
8800,0.0937737
8900,0.0753974
9000,0.0679761
9100,0.0680641
9200,0.0753048
9300,0.0958965
9400,0.156402
9500,0.545481
9600,0.345727
9700,0.135275
9800,0.0898672
9900,0.0717664
10000,0.0643673
10100,0.0641349
10200,0.070499
10300,0.0889928
10400,0.143202
10500,0.464956
10600,0.348744
10700,0.130672
10800,0.0859718
10900,0.0682566
11000,0.0609291
11100,0.0604169
11200,0.0659593
11300,0.0824416
11400,0.130636
11500,0.39728
11600,0.350286
11700,0.124895
11800,0.0812371
11900,0.0640506
12000,0.0568828
12100,0.0561407
12200,0.0609141
12300,0.0754781
12400,0.117953
12500,0.338785
12600,0.351238
12700,0.118757
12800,0.0764451
12900,0.0598971
13000,0.0529353
13100,0.052005
13200,0.0560655
13300,0.0688353
13400,0.105917
13500,0.2884
13600,0.350826
13700,0.111631
13800,0.0710166
13900,0.0552466
14000,0.0485767
14100,0.0475082
14200,0.0509092
14300,0.0619956
14400,0.0940408
14500,0.244026
14600,0.349704
14700,0.104071
14800,0.0654769
14900,0.0505918
15000,0.0442566
15100,0.0430915
15200,0.0458896
15300,0.0554197
15400,0.0828251
15500,0.205308
15600,0.347361
15700,0.095738
15800,0.0595152
15900,0.0456416
16000,0.0397174
16100,0.0385035
16200,0.0407537
16300,0.0488433
16400,0.0720101
16500,0.170971
16600,0.344208
16700,0.0869218
16800,0.0534127
16900,0.0406525
17000,0.0351824
17100,0.033959
17200,0.0357212
17300,0.0424912
17400,0.061817
17500,0.141022
17600,0.339999
17700,0.0775761
17800,0.0471
17900,0.0355568
18000,0.0305992
18100,0.0294091
18200,0.0307427
18300,0.036339
18400,0.0521777
18500,0.114734
18600,0.334904
18700,0.0677518
18800,0.0406674
18900,0.0304368
19000,0.0260545
19100,0.0249181
19200,0.025931
19300,0.0304604
19400,0.043151
19500,0.0925331
19600,0.328932
19700,0.0578563
19800,0.0342122
19900,0.0253942
20000,0.0216334
20100,0.0205696
20200,0.0213476
20300,0.02502
20400,0.0348073
20500,0.0732398
20600,0.322031
20700,0.0479648
20800,0.0278213
20900,0.0205736
21000,0.0174688
21100,0.0165694
21200,0.0172612
21300,0.020135
21400,0.0273899
21500,0.0574315
21600,0.314443
21700,0.0386967
21800,0.0217506
21900,0.0162123
22000,0.0139031
22100,0.0131595
22200,0.0137409
22300,0.0158691
22400,0.0209453
22500,0.0435674
22600,0.305921
22700,0.0305051
22800,0.0164919
22900,0.0125479
23000,0.0108812
23100,0.0102499
23200,0.0107031
23300,0.0121972
23400,0.0156349
23500,0.0320132
23600,0.296909
23700,0.0231404
23800,0.011952
23900,0.00933256
24000,0.00810542
24100,0.00758277
24200,0.00786445
24300,0.00881984
24400,0.0108056
24500,0.0216447
24600,0.286995
24700,0.016735
24800,0.00823987
24900,0.00665304
25000,0.00580854
25100,0.00534857
25200,0.00554859
25300,0.00601915
25400,0.00688347
25500,0.0132145
25600,0.276783
25700,0.012873
25800,0.00679978
25900,0.00616597
26000,0.0057935
26100,0.00576969
26200,0.00643357
26300,0.00757341
26400,0.00976149
26500,0.0196552
26600,0.265734
26700,0.0242904
26800,0.0122916
26900,0.0100073
27000,0.00895542
27100,0.00866521
27200,0.00939116
27300,0.0109056
27400,0.0142274
27500,0.0272217
27600,0.254569
27700,0.0354477
27800,0.017178
27900,0.0133061
28000,0.011579
28100,0.0110384
28200,0.0117485
28300,0.0135519
28400,0.0177278
28500,0.0330848
28600,0.242663
28700,0.0470149
28800,0.0221763
28900,0.0166579
29000,0.0142639
29100,0.0134357
29200,0.0141401
29300,0.0161558
29400,0.0210643
29500,0.0382155
29600,0.23081
29700,0.0580849
29800,0.0264262
29900,0.0193402
30000,0.0162998
30100,0.0152178
30200,0.0158568
30300,0.0180122
30400,0.0233969
30500,0.0417446
30600,0.218352
30700,0.0693838
30800,0.0307257
30900,0.0220915
31000,0.0184225
31100,0.0170542
31200,0.0176413
31300,0.0198821
31400,0.0256268
31500,0.0446947
31600,0.206106
31700,0.0799805
31800,0.0341489
31900,0.0240954
32000,0.0198401
32100,0.0182294
32200,0.0187112
32300,0.0209875
32400,0.0269216
32500,0.0462342
32600,0.19344
32700,0.0906631
32800,0.0375241
32900,0.0261526
33000,0.0213564
33100,0.0194764
33200,0.0198681
33300,0.0221275
33400,0.0281866
33500,0.0473539
33600,0.181172
33700,0.100527
33800,0.0399475
33900,0.0274165
34000,0.0221482
34100,0.020068
34200,0.0203195
34300,0.0225277
34400,0.0285761
34500,0.0473059
34600,0.168881
34700,0.110353
34800,0.0422329
34900,0.0286943
35000,0.0230252
35100,0.0207189
35200,0.0208689
35300,0.0229703
35400,0.028941
35500,0.0470859
35600,0.157302
35700,0.119289
35800,0.0435491
35900,0.0291843
36000,0.0232009
36100,0.0207765
36200,0.0207881
36300,0.0227793
36400,0.0285365
36500,0.0459459
36600,0.146014
36700,0.128066
36800,0.0446491
36900,0.0296368
37000,0.0234127
37100,0.0208281
37200,0.0207507
37300,0.0225866
37400,0.0281443
37500,0.0446281
37600,0.135148
37700,0.135918
37800,0.0448139
37900,0.0293915
38000,0.0230168
38100,0.0204048
38200,0.0202132
38300,0.0219327
38400,0.0271683
38500,0.042562
38600,0.124674
38700,0.143498
38800,0.044722
38900,0.0290024
39000,0.0225737
39100,0.0199192
39200,0.01965
39300,0.0212302
39400,0.0262322
39500,0.0404187
39600,0.114432
39700,0.150147
39800,0.0438953
39900,0.0280843
40000,0.0216869
