"FREQ","seno"
0,0.000155756
10,0.000383625
20,0.000337604
30,0.000299265
40,0.00031489
50,0.000385174
60,0.00038221
70,0.000369728
80,0.000347578
90,0.000432552
100,0.00037262
110,0.000420625
120,0.00045029
130,0.000552452
140,0.000654718
150,0.000780284
160,0.00103608
170,0.00146521
180,0.00211788
190,0.0033082
200,0.00574082
210,0.0111287
220,0.0262451
230,0.0942759
240,1.69852
250,4.48196
260,2.88763
270,0.179734
280,0.0383959
290,0.0147191
300,0.00704994
310,0.00399155
320,0.00247188
330,0.00163533
340,0.00112748
350,0.000875591
360,0.000657108
370,0.000526681
380,0.000454869
390,0.000419335
400,0.000308407
410,0.000301237
420,0.000313889
430,0.000291297
440,0.00029892
450,0.00031102
460,0.000261641
470,0.000344079
480,0.000267193
490,0.000226359
500,0.000269451
510,0.000292708
520,0.000260276
530,0.00026373
540,0.000273715
550,0.000260048
560,0.000227474
570,0.000234504
580,0.000230548
590,0.000211611
600,0.000244814
610,0.000235008
620,0.000229144
630,0.000216187
640,0.000253227
650,0.000202356
660,0.000220261
670,0.000227928
680,0.000286007
690,0.000370068
700,0.000492956
710,0.000936075
720,0.0019202
730,0.00586893
740,0.0387569
750,0.207032
760,0.214465
770,0.0456873
780,0.00616763
790,0.00207908
800,0.000932759
810,0.000520279
820,0.000399343
830,0.000281894
840,0.000260657
850,0.000231231
860,0.000212006
870,0.000186091
880,0.000201064
890,0.000229979
900,0.000205552
910,0.00020963
920,0.000202043
930,0.000215575
940,0.000203059
950,0.000211169
960,0.000233749
970,0.00026274
980,0.000273206
990,0.000249378
1000,0.00022007
1010,0.000218449
1020,0.000229807
1030,0.000244029
1040,0.000289189
1050,0.000239875
1060,0.000180659
1070,0.000185358
1080,0.000188663
1090,0.000186831
1100,0.000192609
1110,0.000159681
1120,0.000165258
1130,0.000195179
1140,0.000226809
1150,0.000211475
1160,0.000242487
1170,0.000255406
1180,0.000225601
1190,0.00023976
1200,0.000270552
1210,0.000234973
1220,0.000300447
1230,0.000514467
1240,0.00227
1250,0.0518777
1260,0.0867042
1270,0.0358211
1280,0.00144166
1290,0.000400921
1300,0.000286291
1310,0.000264046
1320,0.000272598
1330,0.000204414
1340,0.000205865
1350,0.00020062
1360,0.000210732
1370,0.000236389
1380,0.000260037
1390,0.000257819
1400,0.000279153
1410,0.00028618
1420,0.000273366
1430,0.000263623
1440,0.000294814
1450,0.000254535
1460,0.000247478
1470,0.000195729
1480,0.000229127
1490,0.00026283
1500,0.000276947
1510,0.000241544
1520,0.000275208
1530,0.00026497
1540,0.000294469
1550,0.000277251
1560,0.000281246
1570,0.000269571
1580,0.000263909
1590,0.000290511
1600,0.000265869
1610,0.000252285
1620,0.000249142
1630,0.000244333
1640,0.000269443
1650,0.000301682
1660,0.000324581
1670,0.000294586
1680,0.000257362
1690,0.000268347
1700,0.000339022
1710,0.000403639
1720,0.000344662
1730,0.000440032
1740,0.00119503
1750,0.0176018
1760,0.0506941
1770,0.0351188
1780,0.00287787
1790,0.000621984
1800,0.000319405
1810,0.000323737
1820,0.000342001
1830,0.000239475
1840,0.000243044
1850,0.000255388
1860,0.000271157
1870,0.000266143
1880,0.000332393
1890,0.000313987
1900,0.000299413
1910,0.000342789
1920,0.000304589
1930,0.000276087
1940,0.000290128
1950,0.00031666
1960,0.000342911
1970,0.000285795
1980,0.000266987
1990,0.000253009
2000,0.000271851
2010,0.000258361
2020,0.000284041
2030,0.000295827
2040,0.000281448
2050,0.000274542
2060,0.000293963
2070,0.000294369
2080,0.000277545
2090,0.000269426
2100,0.000288079
2110,0.000280524
2120,0.000296579
2130,0.000275027
2140,0.00025264
2150,0.000290067
2160,0.000276328
2170,0.00028466
2180,0.000243318
2190,0.000231099
2200,0.000303899
2210,0.000352712
2220,0.000355153
2230,0.00036228
2240,0.00102847
2250,0.00581919
2260,0.0360051
2270,0.040044
2280,0.00961474
2290,0.00115364
2300,0.000457353
2310,0.000258279
2320,0.000281545
2330,0.000281806
2340,0.000224894
2350,0.000250963
2360,0.000240596
2370,0.00019693
2380,0.000245795
2390,0.000235355
2400,0.000254739
2410,0.000257291
2420,0.000221147
2430,0.000204191
2440,0.000271588
2450,0.00026094
2460,0.00024469
2470,0.000242867
2480,0.000265488
2490,0.000301064
2500,0.000236509
2510,0.000185238
2520,0.0002249
2530,0.000201231
2540,0.000227467
2550,0.000289062
2560,0.00023875
2570,0.000198058
2580,0.000193057
2590,0.00021381
2600,0.000196256
2610,0.000241745
2620,0.000196592
2630,0.000194025
2640,0.000209702
2650,0.000254774
2660,0.000225447
2670,0.000229926
2680,0.000255469
2690,0.000214295
2700,0.000225417
2710,0.000255617
2720,0.000248458
2730,0.000284351
2740,0.000268199
2750,0.000433043
2760,0.0139602
2770,0.0251592
2780,0.0113069
2790,0.00033503
2800,0.000276945
2810,0.000287957
2820,0.000292082
2830,0.000248587
2840,0.000221914
2850,0.000208226
2860,0.000209627
2870,0.000234026
2880,0.000205421
2890,0.000189113
2900,0.0002322
2910,0.000261761
2920,0.000257557
2930,0.000274685
2940,0.000261616
2950,0.000287297
2960,0.000243388
2970,0.000239592
2980,0.000225716
2990,0.00023278
3000,0.000279222
3010,0.000265741
3020,0.000250099
3030,0.000278177
3040,0.000246893
3050,0.000277873
3060,0.000235836
3070,0.000207682
3080,0.000187617
3090,0.000218281
3100,0.000232331
3110,0.000196701
3120,0.000217998
3130,0.000198661
3140,0.000222114
3150,0.000230557
3160,0.000260438
3170,0.000245424
3180,0.000239333
3190,0.000210823
3200,0.000226788
3210,0.000297493
3220,0.000281063
3230,0.000234291
3240,0.000240211
3250,0.000240176
3260,0.000927352
3270,0.00267189
3280,0.0019723
3290,0.000281231
3300,0.000269111
3310,0.000238543
3320,0.000249422
3330,0.000285204
3340,0.000213186
3350,0.000196649
3360,0.000226059
3370,0.000224366
3380,0.000236669
3390,0.000290126
3400,0.000276329
3410,0.000271908
3420,0.000311456
3430,0.000295119
3440,0.000234122
3450,0.000268016
3460,0.000260839
3470,0.000268288
3480,0.000226574
3490,0.000211253
3500,0.000220621
3510,0.000276602
3520,0.000274599
3530,0.00029551
3540,0.000277542
3550,0.000287142
3560,0.000295342
3570,0.000273279
3580,0.000265169
3590,0.000249832
3600,0.000260944
3610,0.000282172
3620,0.000269358
3630,0.000233915
3640,0.000213119
3650,0.000219329
3660,0.000266615
3670,0.000308929
3680,0.000294111
3690,0.000208406
3700,0.000259686
3710,0.00030877
3720,0.000368398
3730,0.000311535
3740,0.000288584
3750,0.000218239
3760,0.00112844
3770,0.00756483
3780,0.00899153
3790,0.00241614
3800,0.00032717
3810,0.000246723
3820,0.000216723
3830,0.00027343
3840,0.000241979
3850,0.000202201
3860,0.000215561
3870,0.000202947
3880,0.000225798
3890,0.000275358
3900,0.000255539
3910,0.000240827
3920,0.000282022
3930,0.000276389
3940,0.000219679
3950,0.000222233
3960,0.000251036
3970,0.000284066
3980,0.000237248
3990,0.000228847
4000,0.000257463
4010,0.000263414
4020,0.000211553
4030,0.000260553
4040,0.000278226
4050,0.000231075
4060,0.000264034
4070,0.00026992
4080,0.000256199
4090,0.000229991
4100,0.000185348
4110,0.000237549
4120,0.000271665
4130,0.000235753
4140,0.000223585
4150,0.000215317
4160,0.000226067
4170,0.000212167
4180,0.000250245
4190,0.000254912
4200,0.00021929
4210,0.000238218
4220,0.000293647
4230,0.000289005
4240,0.000260739
4250,0.000235624
4260,0.000231869
4270,0.00580762
4280,0.0113345
4290,0.00553381
4300,0.00025995
4310,0.000242975
4320,0.000239494
4330,0.000263091
4340,0.000253236
4350,0.000248602
4360,0.000210636
4370,0.000239588
4380,0.000203056
4390,0.000188006
4400,0.000216501
4410,0.000239069
4420,0.000247855
4430,0.000218159
4440,0.000196819
4450,0.000246048
4460,0.000285949
4470,0.000234722
4480,0.000221517
4490,0.000202635
4500,0.000255881
4510,0.000262637
4520,0.000224422
4530,0.000209293
4540,0.000237099
4550,0.000196355
4560,0.000238985
4570,0.000240766
4580,0.00020369
4590,0.000189558
4600,0.000207195
4610,0.000194516
4620,0.0002158
4630,0.000206743
4640,0.000180001
4650,0.000205305
4660,0.000237424
4670,0.000234035
4680,0.000208231
4690,0.000251206
4700,0.000204455
4710,0.000223493
4720,0.000263724
4730,0.000239129
4740,0.000270549
4750,0.00026837
4760,0.000269951
4770,0.00184662
4780,0.00627875
4790,0.00502309
4800,0.000662836
4810,0.000256678
4820,0.000259347
4830,0.00027268
4840,0.00028339
4850,0.000238226
4860,0.000193383
4870,0.000208298
4880,0.000220056
4890,0.000217364
4900,0.000205325
4910,0.00022633
4920,0.000251895
4930,0.000258088
4940,0.000279847
4950,0.000239026
4960,0.000267992
4970,0.000276895
4980,0.000244588
4990,0.000218158
5000,0.000191399
5010,0.000228377
5020,0.00025481
5030,0.000282576
5040,0.000301878
5050,0.000270835
5060,0.000293852
5070,0.000290278
5080,0.000223701
5090,0.000198268
5100,0.000208588
5110,0.000234987
5120,0.000212885
5130,0.00022708
5140,0.000232129
5150,0.000192312
5160,0.000205547
5170,0.000251514
5180,0.000249569
5190,0.000243924
5200,0.000189408
5210,0.00022754
5220,0.000285865
5230,0.000307551
5240,0.000264024
5250,0.000238743
5260,0.000214422
5270,0.000295188
5280,0.000582265
5290,0.000675046
5300,0.000311282
5310,0.000272705
5320,0.000251658
5330,0.000205992
5340,0.000238374
5350,0.000220919
5360,0.000183
5370,0.000207357
5380,0.000234372
5390,0.00023644
5400,0.000278068
5410,0.000258755
5420,0.000255903
5430,0.000274223
5440,0.000303551
5450,0.000225522
5460,0.000207235
5470,0.000225469
5480,0.000241015
5490,0.000239853
5500,0.000199304
5510,0.000205794
5520,0.00023504
5530,0.000238592
5540,0.000272446
5550,0.000307838
5560,0.000225531
5570,0.000271329
5580,0.00028059
5590,0.000272621
5600,0.00026297
5610,0.000217249
5620,0.000256857
5630,0.000267291
5640,0.000259677
5650,0.000217331
5660,0.000196909
5670,0.000218062
5680,0.000248292
5690,0.000263363
5700,0.000250553
5710,0.000237972
5720,0.000235907
5730,0.000311301
5740,0.000304658
5750,0.000265999
5760,0.000229468
5770,0.000222022
5780,0.000785231
5790,0.00154011
5800,0.000831639
5810,0.000242519
5820,0.000221874
5830,0.000212793
5840,0.000237252
5850,0.000233139
5860,0.000218873
5870,0.00021062
5880,0.000201777
5890,0.000225684
5900,0.000226517
5910,0.000223132
5920,0.000208467
5930,0.000223626
5940,0.00023127
5950,0.000213601
5960,0.000212067
5970,0.000242844
5980,0.000232825
5990,0.000220119
6000,0.000189756
6010,0.000240484
6020,0.000264893
6030,0.000201281
6040,0.000236349
6050,0.000263174
6060,0.000210073
6070,0.000230642
6080,0.000260962
6090,0.00022592
6100,0.000203553
6110,0.000184696
6120,0.000171651
6130,0.000236211
6140,0.000219928
6150,0.000182532
6160,0.000190534
6170,0.000217055
6180,0.000199204
6190,0.000199637
6200,0.00025492
6210,0.000222787
6220,0.000244241
6230,0.000237089
6240,0.000269866
6250,0.000248079
6260,0.000245346
6270,0.00023297
6280,0.00068031
6290,0.00243927
6300,0.00209257
6310,0.000379219
6320,0.000221085
6330,0.000218784
6340,0.000264811
6350,0.000260939
6360,0.000276933
6370,0.000195843
6380,0.000241884
6390,0.000237574
6400,0.000186982
6410,0.00020079
6420,0.000219068
6430,0.00023646
6440,0.000219798
6450,0.000201649
6460,0.000200331
6470,0.000269426
6480,0.000266368
6490,0.000219559
6500,0.000176351
6510,0.000209056
6520,0.000237953
6530,0.000230893
6540,0.000223968
6550,0.000270018
6560,0.000227995
6570,0.000240401
6580,0.000249821
6590,0.000210113
6600,0.000173819
6610,0.000173207
6620,0.000209175
6630,0.000175085
6640,0.00019466
6650,0.000177013
6660,0.000190542
6670,0.000209252
6680,0.000229486
6690,0.000204586
6700,0.000224533
6710,0.000210694
6720,0.000208595
6730,0.000246943
6740,0.000249432
6750,0.000231655
6760,0.00024841
6770,0.000218241
6780,0.000397152
6790,0.0026171
6800,0.00356067
6810,0.00117756
6820,0.000223389
6830,0.000227347
6840,0.000216345
6850,0.000265778
6860,0.000239439
6870,0.000172756
6880,0.000192717
6890,0.000189585
6900,0.000240358
6910,0.00022967
6920,0.000206724
6930,0.000234946
6940,0.000246511
6950,0.000262449
6960,0.000221826
6970,0.000197806
6980,0.000245945
6990,0.000241314
7000,0.000231789
7010,0.000187367
7020,0.000194756
7030,0.000219175
7040,0.000239422
7050,0.000282055
7060,0.000286773
7070,0.000246213
7080,0.000286097
7090,0.000239541
7100,0.000218206
7110,0.000210574
7120,0.000219067
7130,0.000231369
7140,0.000216293
7150,0.000232059
7160,0.000193299
7170,0.000191544
7180,0.000213882
7190,0.000225035
7200,0.000224102
7210,0.00021134
7220,0.000201356
7230,0.000226371
7240,0.000293169
7250,0.000283313
7260,0.000244957
7270,0.000212896
7280,0.000212893
7290,0.000481088
7300,0.00104149
7310,0.000635891
7320,0.000251912
7330,0.000251764
7340,0.000198128
7350,0.000190617
7360,0.000204855
7370,0.000184307
7380,0.000184876
7390,0.000193107
7400,0.000219739
7410,0.000222944
7420,0.000219051
7430,0.000206095
7440,0.000211255
7450,0.000261521
7460,0.000233376
7470,0.000184469
7480,0.000211093
7490,0.000209592
7500,0.000214403
7510,0.000189759
7520,0.000177404
7530,0.000208638
7540,0.000200726
7550,0.000198493
7560,0.000244379
7570,0.000212621
7580,0.00019643
7590,0.000232643
7600,0.000227247
7610,0.000230346
7620,0.000195039
7630,0.000196718
7640,0.000237138
7650,0.000238455
7660,0.000200021
7670,0.000177009
7680,0.000177269
7690,0.000192195
7700,0.000198163
7710,0.000271889
7720,0.000217197
7730,0.000213078
7740,0.000234486
7750,0.000273369
7760,0.00025013
7770,0.000238319
7780,0.000199698
7790,0.000305533
7800,0.000833181
7810,0.000757072
7820,0.00025277
7830,0.000194133
7840,0.000186489
7850,0.000218049
7860,0.000227072
7870,0.000228726
7880,0.000198536
7890,0.000204857
7900,0.000218317
7910,0.000178541
7920,0.000193086
7930,0.000184018
7940,0.000203308
7950,0.000196607
7960,0.000176826
7970,0.00017845
7980,0.000244705
7990,0.000240261
8000,0.000207455
8010,0.000164486
8020,0.000215689
8030,0.000251208
8040,0.000200048
8050,0.000194168
8060,0.000249864
8070,0.000214532
8080,0.000227059
8090,0.000239101
8100,0.000204962
8110,0.000176821
8120,0.000170218
8130,0.000169246
8140,0.000172724
8150,0.000187148
8160,0.000171093
8170,0.000172002
8180,0.000198409
8190,0.000221754
8200,0.000167076
8210,0.000194899
8220,0.000225583
8230,0.000219105
8240,0.000235025
8250,0.000232622
8260,0.000241007
8270,0.00022962
8280,0.000202991
8290,0.000248569
8300,0.000857717
8310,0.00122608
8320,0.000459281
8330,0.000204527
8340,0.000192111
8350,0.000234848
8360,0.000268472
8370,0.000251219
8380,0.000205768
8390,0.000206787
8400,0.000219495
8410,0.000196686
8420,0.000194222
8430,0.000193989
8440,0.000222111
8450,0.000213585
8460,0.000216892
8470,0.000183579
8480,0.000206153
8490,0.00025727
8500,0.000231595
8510,0.000180002
8520,0.000159804
8530,0.000200696
8540,0.000205803
8550,0.000202098
8560,0.000244222
8570,0.00022561
8580,0.000207515
8590,0.000230301
8600,0.000199876
8610,0.000165556
8620,0.00015874
8630,0.00018566
8640,0.000176717
8650,0.000150667
8660,0.000180583
8670,0.000177346
8680,0.000179917
8690,0.000196072
8700,0.000185838
8710,0.000190404
8720,0.000209615
8730,0.000189481
8740,0.00019553
8750,0.000235182
8760,0.000233148
8770,0.000219331
8780,0.000221436
8790,0.000209989
8800,0.000522572
8810,0.0010988
8820,0.000682755
8830,0.00018442
8840,0.000207205
8850,0.000186167
8860,0.000198673
8870,0.000208488
8880,0.000147514
8890,0.000160068
8900,0.000165192
8910,0.000194337
8920,0.000200454
8930,0.000188448
8940,0.000195889
8950,0.000203735
8960,0.000227548
8970,0.00019618
8980,0.000163226
8990,0.000184969
9000,0.000185122
9010,0.000204431
9020,0.000186433
9030,0.000170248
9040,0.000176908
9050,0.00018095
9060,0.000205859
9070,0.000233905
9080,0.000215129
9090,0.000235984
9100,0.000207855
9110,0.000187799
9120,0.000178677
9130,0.000196856
9140,0.000194462
9150,0.000199879
9160,0.000195848
9170,0.000167209
9180,0.000158782
9190,0.000168283
9200,0.000180686
9210,0.000180621
9220,0.000206541
9230,0.000172138
9240,0.000172281
9250,0.000218339
9260,0.000234833
9270,0.000229246
9280,0.000198799
9290,0.000155815
9300,0.000202299
9310,0.00030538
9320,0.000302404
9330,0.000211379
9340,0.000198156
9350,0.000182225
9360,0.000149004
9370,0.000174308
9380,0.000169334
9390,0.000147688
9400,0.000160569
9410,0.000156613
9420,0.00015696
9430,0.000169436
9440,0.000138959
9450,0.000165047
9460,0.000185461
9470,0.000205466
9480,0.000161089
9490,0.000173615
9500,0.000176496
9510,0.000172233
9520,0.000151251
9530,0.000140552
9540,0.000171095
9550,0.000187832
9560,0.000159457
9570,0.000166761
9580,0.000179042
9590,0.00016443
9600,0.000179574
9610,0.000165726
9620,0.000166322
9630,0.000161774
9640,0.000144949
9650,0.0001752
9660,0.000194655
9670,0.000165245
9680,0.000164118
9690,0.000132195
9700,0.00015099
9710,0.00014357
9720,0.000208923
9730,0.000210785
9740,0.000187321
9750,0.000169905
9760,0.000218477
9770,0.000223136
9780,0.000204231
9790,0.000180192
9800,0.000196049
9810,0.000268871
9820,0.000352643
9830,0.00023974
9840,0.000185226
9850,0.000153193
9860,0.000183087
9870,0.000216772
9880,0.000190319
9890,0.000177544
9900,0.000170168
9910,0.000198281
9920,0.000172935
9930,0.000145838
9940,0.000151556
9950,0.000178577
9960,0.00017852
9970,0.000156329
9980,0.000144727
9990,0.00019039
10000,0.00021828
10010,0.000178194
10020,0.000143933
10030,0.000160082
10040,0.000214047
10050,0.000206718
10060,0.00016676
10070,0.000194598
10080,0.000195124
10090,0.000196004
10100,0.00020501
10110,0.000181832
10120,0.000137289
10130,0.000133987
10140,0.000152133
10150,0.000131061
10160,0.000155644
10170,0.000149101
10180,0.0001536
10190,0.000177621
10200,0.000194574
10210,0.000155331
10220,0.000139994
10230,0.000174567
10240,0.000170438
10250,0.00019433
10260,0.000200905
10270,0.000205409
10280,0.000194666
10290,0.000181896
10300,0.000183663
10310,0.000204288
10320,0.000228974
10330,0.000203409
10340,0.000170205
10350,0.000149664
10360,0.000176396
10370,0.000209286
10380,0.000204571
10390,0.000195668
10400,0.000163436
10410,0.000178791
10420,0.000167114
10430,0.00016189
10440,0.000165859
10450,0.000177417
10460,0.000171191
10470,0.00017942
10480,0.000167403
10490,0.000146619
10500,0.000200666
10510,0.000197365
10520,0.000174642
10530,0.000134805
10540,0.000136945
10550,0.000167491
10560,0.000167638
10570,0.000189319
10580,0.000201525
10590,0.000173014
10600,0.000187272
10610,0.000176151
10620,0.000131575
10630,0.000144137
10640,0.000135166
10650,0.000156694
10660,0.000132917
10670,0.000159846
10680,0.000149715
10690,0.000150324
10700,0.000142826
10710,0.00015127
10720,0.00014874
10730,0.000160118
10740,0.000157833
10750,0.00015342
10760,0.000176976
10770,0.00019332
10780,0.00018102
10790,0.000195307
10800,0.000173186
10810,0.000226826
10820,0.000550126
10830,0.000565122
10840,0.000191569
10850,0.0001492
10860,0.000167729
10870,0.000134101
10880,0.000170215
10890,0.00014149
10900,0.000127829
10910,0.000152556
10920,0.000138218
10930,0.00014837
10940,0.000150875
10950,0.00013162
10960,0.000149136
10970,0.000183017
10980,0.000171033
10990,0.000137387
11000,0.000130337
11010,0.000132666
11020,0.000155966
11030,0.000163562
11040,0.000144001
11050,0.00014812
11060,0.000145037
11070,0.000141785
11080,0.000164972
11090,0.000181137
11100,0.000178067
11110,0.000169949
11120,0.000145939
11130,0.000143372
11140,0.000162085
11150,0.000146371
11160,0.000165663
11170,0.00015676
11180,0.000146361
11190,0.000123916
11200,0.000123083
11210,0.000135883
11220,0.00013175
11230,0.000166135
11240,0.000163568
11250,0.00014119
11260,0.000163854
11270,0.000175024
11280,0.000188827
11290,0.000157698
11300,0.00013257
11310,0.000131009
11320,0.000303919
11330,0.000484764
11340,0.000254075
11350,0.000149143
11360,0.000147935
11370,0.000124611
11380,0.000131557
11390,0.000139744
11400,0.000138116
11410,0.000121795
11420,0.000129752
11430,0.000111414
11440,0.000129913
11450,0.000110682
11460,0.000115526
11470,0.000130637
11480,0.000141386
11490,0.00014384
11500,0.000128398
11510,0.000148846
11520,0.000127629
11530,0.000123092
11540,0.000114545
11550,0.000130378
11560,0.000157327
11570,0.000136618
11580,0.000130462
11590,0.000140058
11600,0.000133221
11610,0.000137838
11620,0.000128567
11630,0.000103944
11640,0.000117299
11650,0.000120816
11660,0.00011941
11670,0.000142417
11680,0.000137987
11690,0.000136735
11700,0.000114791
11710,0.000110114
11720,0.000117677
11730,0.000134714
11740,0.000174146
11750,0.000150653
11760,0.000137789
11770,0.000150776
11780,0.000175101
11790,0.000164311
11800,0.000153875
11810,0.00015231
11820,0.000180319
11830,0.00034221
11840,0.000268943
11850,0.000155429
11860,0.000121226
11870,0.000131294
11880,0.000176539
11890,0.000157293
11900,0.000145567
11910,0.000125601
11920,0.000151032
11930,0.000155723
11940,0.00011655
11950,0.000111769
11960,0.000128716
11970,0.000135991
11980,0.000118794
11990,0.000118128
12000,0.000129926
12010,0.000167343
12020,0.000153884
12030,0.000122449
12040,0.000125269
12050,0.000166178
12060,0.000173527
12070,0.000140653
12080,0.000153425
12090,0.000172079
12100,0.000159112
12110,0.000167157
12120,0.000161558
12130,0.000119998
12140,0.000110952
12150,0.000108846
12160,0.000114326
12170,0.000113109
12180,0.000120661
12190,0.000120195
12200,0.000144038
12210,0.000148217
12220,0.000135882
12230,0.000118096
12240,0.000134779
12250,0.000138489
12260,0.000147009
12270,0.000162501
12280,0.000158063
12290,0.000156369
12300,0.000148766
12310,0.000131087
12320,0.00015682
12330,0.000272319
12340,0.00031987
12350,0.000163941
12360,0.000102204
12370,0.000123704
12380,0.000154037
12390,0.000162066
12400,0.000160648
12410,0.000145168
12420,0.000143685
12430,0.000129381
12440,0.000129907
12450,0.000152421
12460,0.000149012
12470,0.000149128
12480,0.000138759
12490,0.000149802
12500,0.00011437
12510,0.000136762
12520,0.000160731
12530,0.000149113
12540,0.000137887
12550,0.000110789
12560,0.000129973
12570,0.000132162
12580,0.000147429
12590,0.000168819
12600,0.000148818
12610,0.000138063
12620,0.000141865
12630,0.000110544
12640,0.000120022
12650,0.000117473
12660,0.000122539
12670,0.000122015
12680,0.000116438
12690,0.000135952
12700,0.000128672
12710,0.00011116
12720,0.00012578
12730,0.000128664
12740,0.000123823
12750,0.000133145
12760,0.000129611
12770,0.000132289
12780,0.000148674
12790,0.000152165
12800,0.00014871
12810,0.000154676
12820,0.000146122
12830,0.000161961
12840,0.000181468
12850,0.000146889
12860,9.92773e-005
12870,0.000131796
12880,0.000112354
12890,0.000128874
12900,0.000122887
12910,9.98411e-005
12920,0.000128148
12930,0.000116908
12940,0.000114836
12950,0.000117783
12960,0.000104031
12970,9.97849e-005
12980,0.000130365
12990,0.000145106
13000,0.000112301
13010,0.000111582
13020,0.000115681
13030,0.000114288
13040,0.00012806
13050,0.000118075
13060,0.000117584
13070,0.000124866
13080,9.49103e-005
13090,0.000104596
13100,0.000130072
13110,0.000129357
13120,0.000123133
13130,0.000115581
13140,0.000111539
13150,0.000126397
13160,0.000120814
13170,0.000113315
13180,0.000122908
13190,0.000113438
13200,0.0001006
13210,0.000106954
13220,0.000102504
13230,0.000114704
13240,0.000119582
13250,0.00014732
13260,0.00013064
13270,0.000130131
13280,0.000141281
13290,0.000138691
13300,0.000131507
13310,0.000108507
13320,9.09199e-005
13330,0.000120858
13340,0.000187343
13350,0.000158441
13360,0.00012455
13370,0.000110609
13380,9.60031e-005
13390,0.000106507
13400,0.000107993
13410,0.00011701
13420,9.71811e-005
13430,0.000100667
13440,9.61553e-005
13450,9.70284e-005
13460,8.96238e-005
13470,8.19617e-005
13480,9.60483e-005
13490,0.000100181
13500,0.000113729
13510,0.000112808
13520,0.000115346
13530,0.000110551
13540,0.000103085
13550,9.23251e-005
13560,0.000110194
13570,0.000122073
13580,0.000120956
13590,9.98688e-005
13600,0.00010988
13610,0.000117718
13620,0.000112995
13630,0.000104664
13640,7.43412e-005
13650,8.74456e-005
13660,0.000105624
13670,8.82926e-005
13680,0.000104023
13690,0.000109405
13700,0.000103081
13710,9.55932e-005
13720,8.48457e-005
13730,0.00010679
13740,9.67063e-005
13750,0.000123881
13760,0.000125335
13770,0.000107415
13780,0.000111432
13790,0.000124319
13800,0.000122708
13810,0.000125321
13820,0.000109998
13830,0.000120745
13840,0.000272766
13850,0.000338474
13860,0.000160925
13870,9.84959e-005
13880,9.3439e-005
13890,0.000118966
13900,0.000139025
13910,0.000119627
13920,9.49199e-005
13930,0.000105803
13940,0.000112903
13950,8.94458e-005
13960,9.07501e-005
13970,8.82747e-005
13980,0.000103826
13990,9.28108e-005
14000,9.01845e-005
14010,0.000106619
14020,0.000117061
14030,0.000126539
14040,0.00010662
14050,0.000101354
14060,0.000119605
14070,0.000131495
14080,0.000113875
14090,0.000111082
14100,0.000136665
14110,0.000121241
14120,0.000120921
14130,0.000131001
14140,0.000107586
14150,9.1831e-005
14160,9.49588e-005
14170,9.7559e-005
14180,8.2466e-005
14190,8.66629e-005
14200,8.79898e-005
14210,9.49627e-005
14220,0.000106775
14230,0.000109844
14240,9.42044e-005
14250,0.000103995
14260,0.000111153
14270,0.000109104
14280,0.000115946
14290,0.000123015
14300,0.00012153
14310,0.00012015
14320,0.000115614
14330,0.000112614
14340,0.000200527
14350,0.000380113
14360,0.000224834
14370,9.39438e-005
14380,8.46987e-005
14390,0.000113652
14400,0.000128594
14410,0.00012575
14420,0.000123748
14430,0.000123295
14440,0.000102325
14450,9.92173e-005
14460,0.00011322
14470,0.00012181
14480,0.000132749
14490,0.000112539
14500,0.000120136
14510,9.27568e-005
14520,9.51717e-005
14530,0.000128079
14540,0.000117809
14550,0.000117078
14560,9.59186e-005
14570,9.96422e-005
14580,0.000106437
14590,0.00011594
14600,0.000128476
14610,0.000124221
14620,0.000104111
14630,9.85931e-005
14640,9.56325e-005
14650,8.65589e-005
14660,0.000102625
14670,9.25471e-005
14680,9.78706e-005
14690,8.86117e-005
14700,0.000108879
14710,0.000108969
14720,8.76632e-005
14730,9.611e-005
14740,0.000101995
14750,0.00010057
14760,0.000110301
14770,0.000116136
14780,0.000112509
14790,0.000104232
14800,0.000114252
14810,0.000118949
14820,0.000124481
14830,0.000112819
14840,0.000116916
14850,0.000146075
14860,0.00013845
14870,8.92307e-005
14880,8.91213e-005
14890,9.51553e-005
14900,9.20318e-005
14910,0.000103918
14920,8.56209e-005
14930,9.74319e-005
14940,0.000103039
14950,9.19589e-005
14960,9.22552e-005
14970,9.61318e-005
14980,7.10871e-005
14990,8.4281e-005
15000,0.000110442
15010,9.3045e-005
15020,8.52456e-005
15030,9.94531e-005
15040,9.00736e-005
15050,0.000108715
15060,9.72974e-005
15070,9.65315e-005
15080,9.77335e-005
15090,8.29896e-005
15100,7.42795e-005
15110,8.90706e-005
15120,9.80057e-005
15130,0.000101536
15140,9.22491e-005
15150,9.43491e-005
15160,9.51236e-005
15170,0.000101704
15180,8.15618e-005
15190,9.16236e-005
15200,9.0853e-005
15210,8.11212e-005
15220,8.57325e-005
15230,8.12386e-005
15240,0.000100224
15250,0.000104064
15260,0.000119743
15270,0.000124499
15280,0.000111641
15290,0.000116146
15300,0.000102279
15310,0.000114829
15320,9.43938e-005
15330,8.02908e-005
15340,9.14359e-005
15350,0.000244698
15360,0.000328584
15370,0.000143374
15380,9.07865e-005
15390,8.02731e-005
15400,9.41751e-005
15410,0.000102085
15420,9.39289e-005
15430,9.56809e-005
15440,8.22774e-005
15450,8.73994e-005
15460,9.1018e-005
15470,8.855e-005
15480,7.07999e-005
15490,8.65717e-005
15500,9.053e-005
15510,9.93189e-005
15520,0.000103652
15530,0.000106469
15540,9.62565e-005
15550,9.30859e-005
15560,8.89832e-005
15570,8.60118e-005
15580,0.00010022
15590,0.000105458
15600,0.000102275
15610,8.24492e-005
15620,9.93457e-005
15630,0.000106525
15640,9.34012e-005
15650,7.47954e-005
15660,7.04072e-005
15670,9.2832e-005
15680,8.13472e-005
15690,7.78887e-005
15700,9.10783e-005
15710,7.82492e-005
15720,7.81999e-005
15730,6.77949e-005
15740,9.29463e-005
15750,9.12788e-005
15760,9.01552e-005
15770,9.82513e-005
15780,8.35545e-005
15790,8.1336e-005
15800,9.23955e-005
15810,9.08139e-005
15820,9.60841e-005
15830,9.87094e-005
15840,9.49867e-005
15850,0.000152498
15860,0.000289511
15870,0.000180362
15880,9.15936e-005
15890,7.87037e-005
15900,8.42038e-005
15910,0.000105456
15920,0.000104663
15930,7.75554e-005
15940,8.04714e-005
15950,8.52912e-005
15960,7.65519e-005
15970,7.77739e-005
15980,6.90851e-005
15990,7.63101e-005
16000,8.25963e-005
16010,8.01541e-005
16020,8.77473e-005
16030,9.12195e-005
16040,0.000108315
16050,9.26925e-005
16060,8.67923e-005
16070,8.67187e-005
16080,0.000100753
16090,9.1066e-005
16100,9.5083e-005
16110,0.000101042
16120,9.8896e-005
16130,7.81768e-005
16140,8.8836e-005
16150,9.34722e-005
16160,7.80297e-005
16170,9.06095e-005
16180,8.29608e-005
16190,7.12039e-005
16200,7.2009e-005
16210,6.89058e-005
16220,6.99062e-005
16230,7.78376e-005
16240,7.56374e-005
16250,7.07836e-005
16260,7.88267e-005
16270,8.79742e-005
16280,9.22274e-005
16290,9.16547e-005
16300,9.27169e-005
16310,9.06443e-005
16320,8.75313e-005
16330,9.04696e-005
16340,8.44761e-005
16350,9.79564e-005
16360,0.000225494
16370,0.000211365
16380,9.37623e-005
16390,7.80481e-005
16400,7.40497e-005
16410,8.76857e-005
16420,8.82974e-005
16430,9.60366e-005
16440,9.17505e-005
16450,8.69271e-005
16460,7.60399e-005
16470,7.39705e-005
16480,8.81285e-005
16490,0.000110238
16500,9.7438e-005
16510,8.24558e-005
16520,7.69627e-005
16530,6.81861e-005
16540,8.44186e-005
16550,8.88234e-005
16560,9.31939e-005
16570,7.58557e-005
16580,7.3662e-005
16590,7.99025e-005
16600,7.90444e-005
16610,8.65963e-005
16620,9.55058e-005
16630,7.68595e-005
16640,6.17229e-005
16650,6.9484e-005
16660,6.28611e-005
16670,7.0405e-005
16680,6.80533e-005
16690,6.36612e-005
16700,6.50102e-005
16710,7.83371e-005
16720,8.9664e-005
16730,7.11714e-005
16740,6.27551e-005
16750,6.86297e-005
16760,7.1534e-005
16770,7.84981e-005
16780,9.19815e-005
16790,9.4962e-005
16800,8.02686e-005
16810,6.92501e-005
16820,8.68973e-005
16830,8.44885e-005
16840,9.63989e-005
16850,8.58848e-005
16860,0.000143488
16870,0.000194955
16880,0.000109596
16890,6.00931e-005
16900,6.34829e-005
16910,6.05609e-005
16920,7.80129e-005
16930,7.70241e-005
16940,7.19501e-005
16950,8.1333e-005
16960,7.28967e-005
16970,7.01224e-005
16980,7.76928e-005
16990,6.31879e-005
17000,5.94016e-005
17010,7.19862e-005
17020,7.32577e-005
17030,6.38888e-005
17040,6.969e-005
17050,7.22801e-005
17060,8.28117e-005
17070,8.06183e-005
17080,7.71245e-005
17090,8.14257e-005
17100,7.11166e-005
17110,5.75713e-005
17120,6.72947e-005
17130,7.98746e-005
17140,7.97071e-005
17150,8.01801e-005
17160,8.35214e-005
17170,7.50439e-005
17180,7.51767e-005
17190,6.41126e-005
17200,5.90697e-005
17210,6.5954e-005
17220,6.51295e-005
17230,5.95836e-005
17240,6.42754e-005
17250,7.31376e-005
17260,8.80807e-005
17270,9.37721e-005
17280,9.93998e-005
17290,9.48062e-005
17300,8.56647e-005
17310,8.53534e-005
17320,8.8728e-005
17330,8.03212e-005
17340,6.30742e-005
17350,7.12723e-005
17360,0.00011501
17370,0.000262194
17380,0.000162807
17390,7.32088e-005
17400,5.87697e-005
17410,7.21167e-005
17420,8.37754e-005
17430,7.93955e-005
17440,7.92777e-005
17450,6.90014e-005
17460,7.37218e-005
17470,6.92565e-005
17480,7.98428e-005
17490,6.70411e-005
17500,7.07059e-005
17510,7.76151e-005
17520,8.33264e-005
17530,8.29204e-005
17540,8.75914e-005
17550,8.04747e-005
17560,7.19126e-005
17570,7.91204e-005
17580,6.74957e-005
17590,7.08918e-005
17600,8.28467e-005
17610,8.27211e-005
17620,6.95032e-005
17630,6.49678e-005
17640,8.79455e-005
17650,7.28996e-005
17660,6.46199e-005
17670,5.87689e-005
17680,7.23516e-005
17690,7.60132e-005
17700,6.81201e-005
17710,6.84061e-005
17720,6.62776e-005
17730,5.80771e-005
17740,5.49138e-005
17750,6.29406e-005
17760,8.08395e-005
17770,7.0046e-005
17780,6.9628e-005
17790,6.95126e-005
17800,6.35637e-005
17810,6.63869e-005
17820,6.44806e-005
17830,6.78259e-005
17840,7.52147e-005
17850,7.62213e-005
17860,8.92429e-005
17870,0.000192407
17880,0.000188676
17890,9.17599e-005
17900,6.8645e-005
17910,6.80261e-005
17920,7.04797e-005
17930,7.55232e-005
17940,6.13113e-005
17950,5.46659e-005
17960,6.33741e-005
17970,6.71919e-005
17980,6.59664e-005
17990,5.29457e-005
18000,5.40254e-005
18010,6.58971e-005
18020,6.67592e-005
18030,6.55763e-005
18040,7.43765e-005
18050,7.7264e-005
18060,7.87912e-005
18070,6.40031e-005
18080,6.15034e-005
18090,6.20171e-005
18100,6.94317e-005
18110,7.38387e-005
18120,7.1565e-005
18130,7.39337e-005
18140,6.00464e-005
18150,5.21548e-005
18160,6.6454e-005
18170,6.38173e-005
18180,7.03688e-005
18190,7.33596e-005
18200,6.45443e-005
18210,5.68512e-005
18220,5.79393e-005
18230,5.53647e-005
18240,6.57961e-005
18250,5.6329e-005
18260,4.75176e-005
18270,5.27426e-005
18280,6.59367e-005
18290,7.31543e-005
18300,7.22184e-005
18310,6.20923e-005
18320,6.56109e-005
18330,6.40822e-005
18340,5.97344e-005
18350,6.04785e-005
18360,5.99584e-005
18370,0.000114229
18380,0.00017431
18390,9.58525e-005
18400,6.78945e-005
18410,5.02586e-005
18420,5.43761e-005
18430,5.37287e-005
18440,6.82928e-005
18450,6.4133e-005
18460,6.19703e-005
18470,5.79211e-005
18480,5.7216e-005
18490,5.5393e-005
18500,7.095e-005
18510,7.70471e-005
18520,5.97902e-005
18530,5.65233e-005
18540,5.69655e-005
18550,5.49639e-005
18560,6.75312e-005
18570,7.52718e-005
18580,6.51812e-005
18590,5.78161e-005
18600,5.6774e-005
18610,5.74223e-005
18620,5.5577e-005
18630,6.21357e-005
18640,5.80312e-005
18650,4.47869e-005
18660,4.96358e-005
18670,4.97655e-005
18680,4.88827e-005
18690,5.26433e-005
18700,4.85095e-005
18710,4.54682e-005
18720,5.29754e-005
18730,6.26153e-005
18740,5.33294e-005
18750,4.39181e-005
18760,5.40293e-005
18770,5.44816e-005
18780,4.93815e-005
18790,5.79916e-005
18800,6.97281e-005
18810,6.58871e-005
18820,4.45492e-005
18830,6.20171e-005
18840,6.74154e-005
18850,6.75741e-005
18860,7.10204e-005
18870,6.29506e-005
18880,8.66417e-005
18890,7.89355e-005
18900,5.41236e-005
18910,4.42767e-005
18920,3.98933e-005
18930,5.40767e-005
18940,6.18701e-005
18950,5.93562e-005
18960,6.43664e-005
18970,5.47955e-005
18980,5.23462e-005
18990,5.84699e-005
19000,5.38629e-005
19010,5.10061e-005
19020,4.66429e-005
19030,4.98141e-005
19040,5.4892e-005
19050,5.12538e-005
19060,5.62028e-005
19070,5.42486e-005
19080,6.89611e-005
19090,6.27629e-005
19100,6.75367e-005
19110,5.99072e-005
19120,5.11316e-005
19130,5.44864e-005
19140,5.7003e-005
19150,6.29848e-005
19160,6.48016e-005
19170,6.62528e-005
19180,6.52175e-005
19190,5.69505e-005
19200,5.38947e-005
19210,4.73702e-005
19220,4.69817e-005
19230,5.13319e-005
19240,4.66993e-005
19250,4.78713e-005
19260,5.01623e-005
19270,6.68906e-005
19280,6.68438e-005
19290,6.71778e-005
19300,7.10798e-005
19310,6.17867e-005
19320,7.05505e-005
19330,6.38487e-005
19340,6.57554e-005
19350,5.11446e-005
19360,5.44842e-005
19370,5.63109e-005
19380,0.000230275
19390,0.000241233
19400,7.11037e-005
19410,5.03139e-005
19420,5.30622e-005
19430,6.10479e-005
19440,6.40926e-005
19450,6.33143e-005
19460,5.68509e-005
19470,5.34679e-005
19480,5.98153e-005
19490,6.34024e-005
19500,6.46805e-005
19510,5.92811e-005
19520,6.24536e-005
19530,6.51652e-005
19540,6.32779e-005
19550,6.38443e-005
19560,6.65846e-005
19570,5.55521e-005
19580,5.51836e-005
19590,5.56976e-005
19600,4.50506e-005
19610,5.60045e-005
19620,6.19833e-005
19630,5.8094e-005
19640,4.71645e-005
19650,6.42522e-005
19660,6.05872e-005
19670,5.3407e-005
19680,4.89067e-005
19690,5.90405e-005
19700,6.19254e-005
19710,6.00187e-005
19720,5.40645e-005
19730,5.676e-005
19740,4.78275e-005
19750,4.31461e-005
19760,4.50415e-005
19770,5.78549e-005
19780,5.71585e-005
19790,5.28974e-005
19800,5.25577e-005
19810,5.72134e-005
19820,5.22731e-005
19830,4.6394e-005
19840,4.99096e-005
19850,5.88876e-005
19860,6.05801e-005
19870,6.3032e-005
19880,0.00011845
19890,0.000183041
19900,9.25162e-005
19910,5.78195e-005
19920,5.50813e-005
19930,5.56296e-005
19940,5.68921e-005
19950,4.94562e-005
19960,3.78738e-005
19970,4.66096e-005
19980,5.2296e-005
19990,6.25722e-005
20000,4.87308e-005
20010,3.99746e-005
20020,4.4382e-005
20030,5.16221e-005
20040,5.26068e-005
20050,5.77902e-005
20060,5.78306e-005
20070,5.86115e-005
20080,4.93831e-005
20090,4.89892e-005
20100,3.98886e-005
20110,4.29158e-005
20120,5.54857e-005
20130,5.31018e-005
20140,5.52858e-005
20150,5.34202e-005
20160,4.66842e-005
20170,4.07383e-005
20180,5.11672e-005
20190,5.72616e-005
20200,5.84594e-005
20210,5.6847e-005
20220,5.13824e-005
20230,5.58046e-005
20240,4.54865e-005
20250,5.37378e-005
20260,5.08705e-005
20270,4.15184e-005
20280,4.40469e-005
20290,5.26124e-005
20300,5.91753e-005
20310,5.90336e-005
20320,4.95196e-005
20330,5.46905e-005
20340,4.97961e-005
20350,4.76956e-005
20360,4.20204e-005
20370,4.76552e-005
20380,4.57747e-005
20390,8.04833e-005
20400,7.30962e-005
20410,6.39206e-005
20420,4.55824e-005
20430,4.31711e-005
20440,4.49372e-005
20450,4.68245e-005
20460,4.94466e-005
20470,4.67874e-005
20480,4.30868e-005
20490,4.7497e-005
20500,4.16355e-005
20510,4.63119e-005
20520,5.32976e-005
20530,5.3174e-005
20540,4.52982e-005
20550,5.14198e-005
20560,4.61614e-005
20570,4.8949e-005
20580,6.19617e-005
20590,6.181e-005
20600,4.10737e-005
20610,4.63774e-005
20620,4.98673e-005
20630,5.13991e-005
20640,5.03829e-005
20650,5.1383e-005
20660,4.67557e-005
20670,4.27608e-005
20680,4.62664e-005
20690,3.77267e-005
20700,4.10205e-005
20710,4.55207e-005
20720,4.2441e-005
20730,3.99351e-005
20740,4.56775e-005
20750,3.99918e-005
20760,3.32978e-005
20770,4.27048e-005
20780,5.15033e-005
20790,4.77082e-005
20800,3.71933e-005
20810,4.81308e-005
20820,4.81646e-005
20830,3.97964e-005
20840,3.91493e-005
20850,4.98358e-005
20860,4.66872e-005
20870,4.96375e-005
20880,4.98769e-005
20890,7.06761e-005
20900,8.07531e-005
20910,5.66429e-005
20920,3.75192e-005
20930,3.17764e-005
20940,4.02649e-005
20950,4.49043e-005
20960,4.78834e-005
20970,5.04573e-005
20980,4.59857e-005
20990,3.81283e-005
21000,4.24675e-005
21010,4.7587e-005
21020,4.67192e-005
21030,4.4647e-005
21040,3.85584e-005
21050,4.60743e-005
21060,4.87449e-005
21070,4.79953e-005
21080,4.86856e-005
21090,5.32202e-005
21100,4.90518e-005
21110,5.1169e-005
21120,5.09323e-005
21130,4.3463e-005
21140,4.43898e-005
21150,4.67954e-005
21160,4.3621e-005
21170,4.97841e-005
21180,4.85263e-005
21190,5.29065e-005
21200,5.29198e-005
21210,4.59613e-005
21220,4.06657e-005
21230,3.90618e-005
21240,4.37425e-005
21250,4.58034e-005
21260,3.96565e-005
21270,4.26771e-005
21280,4.44227e-005
21290,5.0552e-005
21300,4.68753e-005
21310,4.95641e-005
21320,5.04969e-005
21330,4.89998e-005
21340,5.1145e-005
21350,4.60495e-005
21360,4.75457e-005
21370,4.34572e-005
21380,4.48768e-005
21390,9.26574e-005
21400,0.00016933
21410,8.26111e-005
21420,4.48999e-005
21430,4.54941e-005
21440,4.82049e-005
21450,5.09969e-005
21460,5.49376e-005
21470,5.17437e-005
21480,4.36158e-005
21490,5.08218e-005
21500,5.01672e-005
21510,5.66932e-005
21520,5.16316e-005
21530,5.29807e-005
21540,5.43632e-005
21550,5.52401e-005
21560,5.03481e-005
21570,5.61256e-005
21580,4.57921e-005
21590,4.08676e-005
21600,5.01703e-005
21610,4.15649e-005
21620,3.44864e-005
21630,4.48901e-005
21640,4.65843e-005
21650,4.00768e-005
21660,4.5962e-005
21670,5.57043e-005
21680,4.90157e-005
21690,4.2026e-005
21700,5.25641e-005
21710,5.35689e-005
21720,4.8209e-005
21730,4.76654e-005
21740,5.05662e-005
21750,5.04176e-005
21760,4.1717e-005
21770,3.85541e-005
21780,4.62657e-005
21790,4.56541e-005
21800,4.55669e-005
21810,4.63226e-005
21820,4.97919e-005
21830,5.39677e-005
21840,4.14441e-005
21850,3.76844e-005
21860,4.72145e-005
21870,4.82275e-005
21880,5.10098e-005
21890,6.44864e-005
21900,0.000137608
21910,0.000110009
21920,5.0307e-005
21930,4.76626e-005
21940,4.96253e-005
21950,4.77286e-005
21960,4.6022e-005
21970,3.68557e-005
21980,3.99568e-005
21990,4.13627e-005
22000,5.56527e-005
22010,5.09031e-005
22020,4.18518e-005
22030,3.52197e-005
22040,3.95205e-005
22050,4.45765e-005
22060,4.53872e-005
22070,4.88785e-005
22080,4.59831e-005
22090,4.05337e-005
22100,4.35667e-005
22110,4.06775e-005
22120,2.82709e-005
22130,4.44208e-005
22140,4.44069e-005
22150,4.44384e-005
22160,5.07578e-005
22170,4.57442e-005
22180,3.92734e-005
22190,3.89342e-005
22200,4.76682e-005
22210,5.00794e-005
22220,4.80033e-005
22230,4.92818e-005
22240,5.07872e-005
22250,4.70936e-005
22260,4.09295e-005
22270,4.70412e-005
22280,3.95648e-005
22290,4.1504e-005
22300,4.5342e-005
22310,5.05582e-005
22320,4.82634e-005
22330,4.76302e-005
22340,4.50934e-005
22350,4.60903e-005
22360,4.37687e-005
22370,3.2875e-005
22380,3.61071e-005
22390,3.65051e-005
22400,8.63035e-005
22410,9.92925e-005
22420,6.2784e-005
22430,4.27342e-005
22440,3.65172e-005
22450,3.92258e-005
22460,4.02923e-005
22470,4.07502e-005
22480,4.04338e-005
22490,3.78267e-005
22500,3.74658e-005
22510,4.19734e-005
22520,3.42488e-005
22530,4.01491e-005
22540,4.33294e-005
22550,4.2802e-005
22560,4.43241e-005
22570,4.58958e-005
22580,4.27249e-005
22590,5.30766e-005
22600,5.60236e-005
22610,3.32596e-005
22620,4.15063e-005
22630,4.34519e-005
22640,4.48497e-005
22650,4.48476e-005
22660,5.05291e-005
22670,4.63701e-005
22680,4.21254e-005
22690,3.99271e-005
22700,3.35914e-005
22710,3.89522e-005
22720,4.50534e-005
22730,4.01054e-005
22740,3.20702e-005
22750,3.91856e-005
22760,3.99522e-005
22770,2.95854e-005
22780,3.48202e-005
22790,4.6447e-005
22800,4.96828e-005
22810,3.58238e-005
22820,3.24103e-005
22830,3.74092e-005
22840,3.52829e-005
22850,3.01566e-005
22860,3.86377e-005
22870,4.09674e-005
22880,4.00007e-005
22890,4.2345e-005
22900,5.03729e-005
22910,6.50995e-005
22920,4.93807e-005
22930,4.11354e-005
22940,3.51922e-005
22950,3.80426e-005
22960,4.24339e-005
22970,3.71579e-005
22980,4.05732e-005
22990,3.8481e-005
23000,3.75657e-005
23010,3.83029e-005
23020,4.49563e-005
23030,4.18785e-005
23040,4.59371e-005
23050,4.60226e-005
23060,4.1027e-005
23070,4.47876e-005
23080,4.56925e-005
23090,4.37366e-005
23100,4.45297e-005
23110,3.78404e-005
23120,4.32473e-005
23130,4.7853e-005
23140,4.00835e-005
23150,3.94887e-005
23160,4.69872e-005
23170,3.86987e-005
23180,4.29606e-005
23190,4.07339e-005
23200,4.33056e-005
23210,5.04253e-005
23220,4.60097e-005
23230,4.1542e-005
23240,3.76131e-005
23250,3.54807e-005
23260,3.9714e-005
23270,3.78889e-005
23280,4.10241e-005
23290,3.72583e-005
23300,3.89767e-005
23310,4.27769e-005
23320,3.63311e-005
23330,4.35991e-005
23340,4.07253e-005
23350,4.02738e-005
23360,4.41571e-005
23370,4.30063e-005
23380,4.26118e-005
23390,3.95273e-005
23400,4.75979e-005
23410,0.000144968
23420,0.000116522
23430,4.2084e-005
23440,4.60836e-005
23450,4.3498e-005
23460,4.77275e-005
23470,4.73703e-005
23480,4.98326e-005
23490,4.00068e-005
23500,4.10781e-005
23510,4.93064e-005
23520,4.75878e-005
23530,4.29452e-005
23540,4.63038e-005
23550,4.31884e-005
23560,4.76866e-005
23570,4.2192e-005
23580,4.54304e-005
23590,4.40104e-005
23600,3.64998e-005
23610,4.31596e-005
23620,4.47228e-005
23630,3.63982e-005
23640,3.55986e-005
23650,4.16738e-005
23660,4.13623e-005
23670,3.61438e-005
23680,4.7271e-005
23690,4.27893e-005
23700,3.78394e-005
23710,4.28841e-005
23720,4.69211e-005
23730,4.34026e-005
23740,4.63319e-005
23750,4.30022e-005
23760,4.95195e-005
23770,4.56769e-005
23780,3.3601e-005
23790,4.17242e-005
23800,3.92123e-005
23810,3.82027e-005
23820,4.28381e-005
23830,4.42874e-005
23840,4.9263e-005
23850,4.70855e-005
23860,3.70342e-005
23870,3.89339e-005
23880,3.99457e-005
23890,4.57609e-005
23900,4.57633e-005
23910,8.65831e-005
23920,0.000102714
23930,5.0943e-005
23940,4.19775e-005
23950,4.10885e-005
23960,4.20165e-005
23970,4.27877e-005
23980,3.93901e-005
23990,3.82695e-005
24000,3.75997e-005
24010,4.21373e-005
24020,4.95193e-005
24030,3.9922e-005
24040,3.60279e-005
24050,3.20183e-005
24060,3.79151e-005
24070,3.72395e-005
24080,4.25949e-005
24090,3.96353e-005
24100,3.45942e-005
24110,3.86069e-005
24120,4.24053e-005
24130,2.79164e-005
24140,3.44103e-005
24150,4.15212e-005
24160,3.04982e-005
24170,4.35418e-005
24180,4.11623e-005
24190,3.75502e-005
24200,3.71035e-005
24210,4.06544e-005
24220,4.33626e-005
24230,3.68296e-005
24240,3.86617e-005
24250,4.52732e-005
24260,4.58779e-005
24270,3.8852e-005
24280,3.97124e-005
24290,3.81602e-005
24300,3.63782e-005
24310,3.98691e-005
24320,4.06998e-005
24330,3.71306e-005
24340,4.39174e-005
24350,3.77923e-005
24360,4.14697e-005
24370,3.85017e-005
24380,3.12386e-005
24390,2.62737e-005
24400,2.90261e-005
24410,4.34943e-005
24420,4.91247e-005
24430,4.35577e-005
24440,3.75439e-005
24450,3.33143e-005
24460,3.39313e-005
24470,3.76629e-005
24480,3.52766e-005
24490,3.76137e-005
24500,3.53261e-005
24510,3.24553e-005
24520,3.9207e-005
24530,3.36367e-005
24540,3.51786e-005
24550,3.4675e-005
24560,3.58656e-005
24570,3.99439e-005
24580,4.01026e-005
24590,4.0751e-005
24600,4.41786e-005
24610,4.91688e-005
24620,3.41094e-005
24630,2.90895e-005
24640,3.69105e-005
24650,3.5696e-005
24660,3.40077e-005
24670,3.97445e-005
24680,4.2117e-005
24690,4.16758e-005
24700,3.83471e-005
24710,3.51505e-005
24720,3.12979e-005
24730,3.96622e-005
24740,3.81663e-005
24750,2.80156e-005
24760,3.02305e-005
24770,3.52688e-005
24780,3.01708e-005
24790,3.02722e-005
24800,3.70957e-005
24810,4.61319e-005
24820,3.78772e-005
24830,2.93928e-005
24840,3.15856e-005
24850,3.58251e-005
24860,2.75728e-005
24870,3.54633e-005
24880,3.70319e-005
24890,3.79192e-005
24900,3.6207e-005
24910,3.89455e-005
24920,3.87818e-005
24930,4.28063e-005
24940,3.91711e-005
24950,3.48254e-005
24960,3.79706e-005
24970,4.02527e-005
24980,3.54474e-005
24990,3.12958e-005
25000,2.97987e-005
25010,3.4093e-005
25020,3.86786e-005
25030,3.96345e-005
25040,4.01938e-005
25050,3.9987e-005
25060,4.67197e-005
25070,4.12086e-005
25080,3.82906e-005
25090,3.71003e-005
25100,3.57369e-005
25110,3.75433e-005
25120,3.43737e-005
25130,3.34727e-005
25140,4.22254e-005
25150,3.88067e-005
25160,4.00278e-005
25170,4.16008e-005
25180,3.81958e-005
25190,3.59072e-005
25200,3.35201e-005
25210,3.47297e-005
25220,4.46614e-005
25230,4.5447e-005
25240,3.96768e-005
25250,4.27631e-005
25260,3.34852e-005
25270,3.91141e-005
25280,3.30439e-005
25290,3.45912e-005
25300,3.52451e-005
25310,3.29119e-005
25320,3.34866e-005
25330,3.64607e-005
25340,3.34487e-005
25350,3.4219e-005
25360,2.98746e-005
25370,3.74201e-005
25380,3.80226e-005
25390,3.90763e-005
25400,3.26235e-005
25410,3.26206e-005
25420,5.32772e-005
25430,6.51607e-005
25440,4.10361e-005
25450,4.24916e-005
25460,3.97118e-005
25470,4.04985e-005
25480,4.10839e-005
25490,4.00466e-005
25500,3.58558e-005
25510,3.27589e-005
25520,3.87803e-005
25530,4.27261e-005
25540,3.81897e-005
25550,3.73494e-005
25560,3.4509e-005
25570,3.4553e-005
25580,3.55923e-005
25590,3.87332e-005
25600,3.98473e-005
25610,3.37807e-005
25620,3.38012e-005
25630,3.804e-005
25640,3.80997e-005
25650,2.91892e-005
25660,3.23326e-005
25670,3.81055e-005
25680,3.8762e-005
25690,3.39283e-005
25700,3.64047e-005
25710,2.9677e-005
25720,3.39246e-005
25730,3.99944e-005
25740,3.63491e-005
25750,4.24088e-005
25760,3.83493e-005
25770,4.41326e-005
25780,4.31472e-005
25790,3.15152e-005
25800,3.13378e-005
25810,3.54139e-005
25820,2.82738e-005
25830,3.37288e-005
25840,3.68425e-005
25850,3.7661e-005
25860,4.31068e-005
25870,3.40087e-005
25880,3.25547e-005
25890,3.57098e-005
25900,3.66065e-005
25910,3.67858e-005
25920,4.46093e-005
25930,6.90427e-005
25940,5.48549e-005
25950,3.84323e-005
25960,3.26521e-005
25970,3.49485e-005
25980,3.47494e-005
25990,3.66971e-005
26000,3.34802e-005
26010,3.33038e-005
26020,3.14126e-005
26030,4.18691e-005
26040,3.3501e-005
26050,3.1132e-005
26060,2.86144e-005
26070,3.15806e-005
26080,2.94128e-005
26090,3.38018e-005
26100,3.51298e-005
26110,3.1661e-005
26120,3.09109e-005
26130,3.5879e-005
26140,2.96655e-005
26150,2.72497e-005
26160,3.53712e-005
26170,3.11402e-005
26180,3.06922e-005
26190,3.23844e-005
26200,3.19483e-005
26210,3.43508e-005
26220,3.40289e-005
26230,3.49893e-005
26240,2.97051e-005
26250,3.08382e-005
26260,3.17387e-005
26270,3.67785e-005
26280,2.96539e-005
26290,3.2528e-005
26300,3.11858e-005
26310,3.2291e-005
26320,3.54477e-005
26330,3.73623e-005
26340,2.77467e-005
26350,3.52375e-005
26360,3.25362e-005
26370,3.20702e-005
26380,3.38133e-005
26390,3.06479e-005
26400,2.4536e-005
26410,2.4661e-005
26420,3.80426e-005
26430,6.95949e-005
26440,5.98031e-005
26450,2.92825e-005
26460,3.02708e-005
26470,3.17833e-005
26480,3.29767e-005
26490,2.88394e-005
26500,3.32133e-005
26510,3.06374e-005
26520,2.95608e-005
26530,3.24027e-005
26540,3.40484e-005
26550,3.08194e-005
26560,3.13906e-005
26570,2.77278e-005
26580,3.45598e-005
26590,3.45941e-005
26600,3.23258e-005
26610,3.56534e-005
26620,4.21903e-005
26630,3.59067e-005
26640,2.60937e-005
26650,2.98107e-005
26660,3.17831e-005
26670,2.87229e-005
26680,2.50383e-005
26690,3.21672e-005
26700,3.64986e-005
26710,3.48542e-005
26720,3.66423e-005
26730,2.79058e-005
26740,3.23332e-005
26750,3.47726e-005
26760,2.63016e-005
26770,2.54128e-005
26780,3.04537e-005
26790,2.9788e-005
26800,2.87412e-005
26810,2.70865e-005
26820,3.60097e-005
26830,3.30425e-005
26840,2.9152e-005
26850,2.91962e-005
26860,3.46689e-005
26870,2.7492e-005
26880,2.94646e-005
26890,3.37944e-005
26900,3.41213e-005
26910,3.36381e-005
26920,3.054e-005
26930,6.41939e-005
26940,8.59728e-005
26950,3.92797e-005
26960,3.18107e-005
26970,3.45676e-005
26980,3.51307e-005
26990,3.45952e-005
27000,2.71284e-005
27010,2.21316e-005
27020,2.59179e-005
27030,3.28409e-005
27040,3.38207e-005
27050,3.33514e-005
27060,3.21191e-005
27070,3.66739e-005
27080,3.7338e-005
27090,3.11026e-005
27100,2.77583e-005
27110,3.02406e-005
27120,2.96593e-005
27130,3.02091e-005
27140,2.86325e-005
27150,3.22864e-005
27160,3.22032e-005
27170,3.5424e-005
27180,3.45805e-005
27190,3.21572e-005
27200,2.80823e-005
27210,2.84163e-005
27220,2.87358e-005
27230,3.58214e-005
27240,3.61398e-005
27250,3.35133e-005
27260,3.60302e-005
27270,3.47304e-005
27280,3.56134e-005
27290,3.66628e-005
27300,2.90814e-005
27310,2.78331e-005
27320,2.69588e-005
27330,2.43971e-005
27340,3.00008e-005
27350,2.62659e-005
27360,2.88803e-005
27370,2.62825e-005
27380,2.71453e-005
27390,3.24141e-005
27400,3.01183e-005
27410,3.04484e-005
27420,2.47771e-005
27430,3.10298e-005
27440,5.49043e-005
27450,4.32819e-005
27460,3.62603e-005
27470,3.47585e-005
27480,3.31531e-005
27490,3.12785e-005
27500,3.33631e-005
27510,3.00663e-005
27520,2.67646e-005
27530,2.85751e-005
27540,3.39031e-005
27550,3.33779e-005
27560,2.98906e-005
27570,2.68049e-005
27580,2.55521e-005
27590,2.72193e-005
27600,3.24077e-005
27610,3.28191e-005
27620,2.8528e-005
27630,2.95716e-005
27640,2.99127e-005
27650,3.08394e-005
27660,2.94358e-005
27670,2.75962e-005
27680,3.25116e-005
27690,3.61993e-005
27700,3.21173e-005
27710,3.00152e-005
27720,2.59026e-005
27730,2.41744e-005
27740,3.27001e-005
27750,2.77938e-005
27760,3.36176e-005
27770,3.37164e-005
27780,3.5262e-005
27790,4.05075e-005
27800,3.30159e-005
27810,2.47596e-005
27820,2.90663e-005
27830,2.47386e-005
27840,2.70314e-005
27850,2.81028e-005
27860,3.12998e-005
27870,3.33579e-005
27880,3.132e-005
27890,2.83842e-005
27900,3.18549e-005
27910,3.13162e-005
27920,3.01504e-005
27930,2.96364e-005
27940,3.24694e-005
27950,3.52019e-005
27960,3.31286e-005
27970,2.71729e-005
27980,2.58667e-005
27990,2.82995e-005
28000,2.97605e-005
28010,2.83356e-005
28020,2.80789e-005
28030,2.8512e-005
28040,3.3087e-005
28050,3.04038e-005
28060,2.75499e-005
28070,2.55875e-005
28080,2.7004e-005
28090,2.80637e-005
28100,2.75261e-005
28110,3.1014e-005
28120,2.84414e-005
28130,2.58103e-005
28140,2.79326e-005
28150,2.71368e-005
28160,2.57451e-005
28170,2.74627e-005
28180,2.85056e-005
28190,3.09609e-005
28200,2.71237e-005
28210,2.75089e-005
28220,3.11605e-005
28230,2.89158e-005
28240,3.04403e-005
28250,2.74507e-005
28260,2.85117e-005
28270,2.3179e-005
28280,2.85632e-005
28290,2.85553e-005
28300,2.79834e-005
28310,2.79253e-005
28320,2.51606e-005
28330,2.96645e-005
28340,2.94656e-005
28350,2.54641e-005
28360,2.83136e-005
28370,2.83569e-005
28380,2.63054e-005
28390,2.64904e-005
28400,2.89576e-005
28410,2.28969e-005
28420,2.17926e-005
28430,2.76288e-005
28440,4.99188e-005
28450,6.02269e-005
28460,2.86103e-005
28470,2.6727e-005
28480,2.83397e-005
28490,2.89606e-005
28500,2.73368e-005
28510,2.68267e-005
28520,2.88827e-005
28530,2.47352e-005
28540,2.74224e-005
28550,2.95324e-005
28560,2.89761e-005
28570,3.25225e-005
28580,2.61112e-005
28590,2.7571e-005
28600,3.13705e-005
28610,2.56716e-005
28620,2.78954e-005
28630,3.12547e-005
28640,3.3345e-005
28650,2.63387e-005
28660,2.55092e-005
28670,2.6015e-005
28680,2.50049e-005
28690,1.79801e-005
28700,2.51114e-005
28710,2.98687e-005
28720,2.91191e-005
28730,3.35669e-005
28740,2.77766e-005
28750,2.69888e-005
28760,2.63388e-005
28770,2.55394e-005
28780,2.43576e-005
28790,3.01628e-005
28800,3.02429e-005
28810,2.82072e-005
28820,2.60904e-005
28830,2.46277e-005
28840,2.76821e-005
28850,2.38861e-005
28860,2.69093e-005
28870,2.99317e-005
28880,2.83519e-005
28890,2.19352e-005
28900,3.24998e-005
28910,2.77625e-005
28920,3.09517e-005
28930,2.68179e-005
28940,3.04137e-005
28950,4.1581e-005
28960,3.2377e-005
28970,2.63466e-005
28980,2.84519e-005
28990,2.89694e-005
29000,2.9708e-005
29010,2.75748e-005
29020,2.19074e-005
29030,2.18895e-005
29040,2.74392e-005
29050,2.75571e-005
29060,2.60901e-005
29070,2.76582e-005
29080,2.93354e-005
29090,3.01004e-005
29100,2.78653e-005
29110,2.20484e-005
29120,2.47729e-005
29130,2.52666e-005
29140,2.57777e-005
29150,2.80078e-005
29160,2.71721e-005
29170,2.679e-005
29180,2.7122e-005
29190,3.03465e-005
29200,2.43857e-005
29210,2.34461e-005
29220,2.28602e-005
29230,2.48463e-005
29240,2.83669e-005
29250,3.02086e-005
29260,2.69857e-005
29270,3.0161e-005
29280,3.12926e-005
29290,3.37536e-005
29300,3.11988e-005
29310,2.69429e-005
29320,2.16018e-005
29330,2.13034e-005
29340,1.93049e-005
29350,2.3328e-005
29360,2.37261e-005
29370,2.39405e-005
29380,2.55522e-005
29390,2.39455e-005
29400,2.44417e-005
29410,2.38741e-005
29420,2.60764e-005
29430,2.02951e-005
29440,2.29798e-005
29450,3.9535e-005
29460,4.14258e-005
29470,3.26282e-005
29480,2.95276e-005
29490,2.60691e-005
29500,2.72775e-005
29510,3.03286e-005
29520,2.38157e-005
29530,2.45001e-005
29540,2.36843e-005
29550,2.82002e-005
29560,2.94166e-005
29570,2.48502e-005
29580,2.139e-005
29590,2.08297e-005
29600,2.67944e-005
29610,2.58673e-005
29620,2.55016e-005
29630,2.11695e-005
29640,2.70325e-005
29650,2.57092e-005
29660,2.56098e-005
29670,2.76529e-005
29680,2.66196e-005
29690,2.8783e-005
29700,3.0071e-005
29710,3.02912e-005
29720,2.69289e-005
29730,2.32113e-005
29740,2.03515e-005
29750,2.66402e-005
29760,2.10558e-005
29770,2.26948e-005
29780,2.62506e-005
29790,2.73298e-005
29800,3.54347e-005
29810,3.35991e-005
29820,2.39335e-005
29830,2.4697e-005
29840,2.37013e-005
29850,2.26922e-005
29860,2.22643e-005
29870,2.53727e-005
29880,2.44058e-005
29890,2.88165e-005
29900,2.54013e-005
29910,2.62737e-005
29920,3.08182e-005
29930,2.83922e-005
29940,2.66567e-005
29950,2.62793e-005
29960,4.14836e-005
29970,3.27406e-005
29980,2.50445e-005
29990,2.15412e-005
30000,1.99288e-005
